pop	chromosome	window_pos_1	window_pos_2	avg_pi	no_sites	count_diffs	count_comparisons	count_missing
KES	chrX	1	21000	0.0025190623761447866	20091	15985	6345615	79454
KES	chrX	1001	22000	0.0025888585922047187	20084	16396	6333293	79870
KES	chrX	2001	23000	0.0025709766110622746	20018	16352	6360229	77534
KES	chrX	3001	24000	0.002544924380150153	20016	16258	6388402	76348
KES	chrX	4001	25000	0.002636797933695251	20008	16432	6231801	85502
KES	chrX	5001	26000	0.002701835811392712	19958	16847	6235390	83668
KES	chrX	6001	27000	0.0027489846575304505	20017	17063	6207019	87390
KES	chrX	7001	28000	0.0025344564165326808	19948	15842	6250650	82236
KES	chrX	8001	29000	0.0024389024484471654	19948	16098	6600510	56492
KES	chrX	9001	30000	0.002402280723922087	20148	15818	6584576	62488
