pop	chromosome	window_pos_1	window_pos_2	avg_pi	no_sites	count_diffs	count_comparisons	count_missing
BFS	chrX	1	1000	0.0014718788009422488	1000	478	324755	10
BFS	chrX	1001	2000	0.0008631931938148171	1000	278	322060	120
BFS	chrX	2001	3000	0.0008	1000	260	325000	0
BFS	chrX	3001	4000	0.0004643244079863798	994	150	323050	0
BFS	chrX	4001	5000	0.0014027431421446384	990	396	282304	2988
BFS	chrX	5001	6000	0.002021609364968788	904	444	219627	5770
BFS	chrX	6001	7000	0.0016694045409328083	992	438	262369	4782
BFS	chrX	7001	8000	0.0010009609224855861	1000	25	24976	23776
BFS	chrX	8001	9000	0.0032872122701519545	792	832	253102	204
BFS	chrX	9001	10000	0.007498156012272884	708	1718	229123	50
BFS	chrX	10001	11000	0.00203632453502243	979	606	297595	1272
BFS	chrX	11001	12000	0.008235275023128236	969	2537	308065	280
BFS	chrX	12001	13000	0.00780691177372218	954	2292	293586	672
BFS	chrX	13001	14000	0.0007474598045704052	1000	96	128435	13874
BFS	chrX	14001	15000	0.0018772944710201357	999	540	287648	2614
BFS	chrX	15001	16000	0.0016267033522162245	971	512	314747	48
BFS	chrX	16001	17000	0.0006691685965653457	999	217	324283	16
BFS	chrX	17001	18000	0.0017365156264425169	981	395	227467	6996
BFS	chrX	18001	19000	0.0018861538461538462	1000	613	325000	0
BFS	chrX	19001	20000	0.0017642805495300072	861	488	276600	154
BFS	chrX	20001	21000	0.0009962524867757506	998	323	324215	6
BFS	chrX	21001	22000	0.0014572236885777054	993	461	316355	284
BFS	chrX	22001	23000	0.0016273447269695707	934	488	299875	150
BFS	chrX	23001	24000	0.0036436008294677374	998	1179	323581	34
BFS	chrX	24001	25000	0.002046381474060925	986	430	210127	7638
BFS	chrX	25001	26000	0.00521384479717813	940	1419	272160	2256
BFS	chrX	26001	27000	0.002611368706755631	963	508	194534	9290
BFS	chrX	27001	28000	0.002513871361897322	923	753	299538	18
BFS	chrX	28001	29000	0.0005323076923076923	1000	173	325000	0
BFS	chrX	29001	30000	0.002378469130777645	992	561	235866	6012
BFS	chrX	30001	31000	0.0021226490946579996	869	594	279839	124
BFS	chrX	31001	32000	0.0002446324206760264	938	64	261617	2490
BFS	chrX	32001	33000	0.0008982128982128982	990	289	321750	0
BFS	chrX	33001	34000	0.0006861538461538461	1000	223	325000	0
BFS	chrX	34001	35000	0.001005994625508165	1000	292	290260	2768
BFS	chrX	35001	36000	0.002467186420605941	998	800	324256	4
BFS	chrX	36001	37000	0.0015755479962662959	983	503	319254	10
BFS	chrX	37001	38000	0.0014604347208410286	802	257	175975	6046
BFS	chrX	38001	39000	0.0016566718269615584	993	534	322333	16
BFS	chrX	39001	40000	0.0009057071960297767	992	292	322400	0
BFS	chrX	40001	41000	0.0027406571341269496	987	879	320726	2
BFS	chrX	41001	42000	0.0016246153846153847	1000	528	325000	0
BFS	chrX	42001	43000	0.003510769230769231	1000	1141	325000	0
BFS	chrX	43001	44000	0.0032276772322767724	887	807	250025	1716
BFS	chrX	44001	45000	0.0005415709891252546	995	175	323134	10
BFS	chrX	45001	46000	0.0020784396106665647	1000	653	314178	452
BFS	chrX	46001	47000	0.0035021467569565684	917	1009	288109	472
BFS	chrX	47001	48000	0.005776145295252125	963	1788	309549	140
BFS	chrX	48001	49000	0.0028386292756460083	982	902	317759	62
BFS	chrX	49001	50000	0.001117087840449718	997	341	305258	782
BFS	chrX	50001	51000	0.00209088850352566	992	674	322351	2
BFS	chrX	51001	52000	0.0024107348791946944	974	763	316501	2
BFS	chrX	52001	53000	0.0022845567894274514	958	697	305092	260
BFS	chrX	53001	54000	0.0020156544256120525	924	548	271872	1592
BFS	chrX	54001	55000	0.0031452991452991454	945	966	307125	0
BFS	chrX	55001	56000	0.0046878716600153286	936	1419	302696	72
BFS	chrX	56001	57000	0.004429729501505897	963	1259	284216	1822
BFS	chrX	57001	58000	0.0013914518721352461	993	187	134392	13706
BFS	chrX	58001	59000	0.00568187080342672	950	1227	215950	7024
BFS	chrX	59001	60000	0.0035200753197753053	879	1002	284653	44
BFS	chrX	60001	61000	0.0017331267729179488	980	245	141363	13762
BFS	chrX	61001	62000	0.0027787008972721483	936	694	249757	3526
BFS	chrX	62001	63000	0.003223354496453364	979	1022	317061	60
BFS	chrX	63001	64000	0.00308279692035845	981	977	316920	98
BFS	chrX	64001	65000	0.004990696623230269	994	1612	323001	2
BFS	chrX	65001	66000	0.004036555774769259	967	1246	308679	280
BFS	chrX	66001	67000	0.0031644434239134333	974	441	139361	10306
BFS	chrX	67001	68000	0.0032367500412771298	993	1039	321001	80
BFS	chrX	68001	69000	0.004370664545305405	996	1412	323063	26
BFS	chrX	69001	70000	0.0020232282767129843	996	651	321763	114
BFS	chrX	70001	71000	0.0027631178163598953	992	889	321738	28
BFS	chrX	71001	72000	0.0022334635412633165	998	721	322817	74
BFS	chrX	72001	73000	0.005587855508871745	939	1705	305126	2
BFS	chrX	73001	74000	0.0022465415084672283	976	684	304468	864
BFS	chrX	74001	75000	0.0023502054875432893	992	756	321674	36
BFS	chrX	75001	76000	0.0023253504841277213	988	726	312211	426
BFS	chrX	76001	77000	0.0019701268804539858	848	368	186790	5820
BFS	chrX	77001	78000	0.0019442977994669276	959	604	310652	46
BFS	chrX	78001	79000	0.0022842416610536795	875	624	273176	638
BFS	chrX	79001	80000	0.002323243754202142	953	698	300442	414
BFS	chrX	80001	81000	0.002545849936107379	943	775	304417	84
BFS	chrX	81001	82000	0.0029854637089265987	992	962	322228	8
BFS	chrX	82001	83000	0.00442446388183278	995	1430	323203	8
BFS	chrX	83001	84000	0.0018766466985168763	929	557	296806	238
BFS	chrX	84001	85000	0.0007384615384615384	1000	240	325000	0
BFS	chrX	85001	86000	0.0004594604801047318	998	146	317764	324
BFS	chrX	86001	87000	0.00112	1000	364	325000	0
BFS	chrX	87001	88000	0.0011776928934557887	1000	382	324363	26
BFS	chrX	88001	89000	0.0024943113608640937	991	775	310707	464
BFS	chrX	89001	90000	0.002249278460052007	998	724	321881	130
BFS	chrX	90001	91000	0.0009626340811755923	999	196	203608	9630
BFS	chrX	91001	92000	0.0017776406141501427	997	576	324025	0
BFS	chrX	92001	93000	0.0018151631168766805	995	586	322836	30
BFS	chrX	93001	94000	0.0027456665939620995	1000	642	233823	6202
BFS	chrX	94001	95000	0.0007849025697027609	993	253	322333	16
BFS	chrX	95001	96000	0.0016067692378827637	924	417	259527	2346
BFS	chrX	96001	97000	0.002756229577710708	990	884	320728	44
BFS	chrX	97001	98000	0.0012332861412616015	978	392	317850	0
BFS	chrX	98001	99000	0.0019689029157135825	994	476	241759	6422
BFS	chrX	99001	100000	0.024059031437961183	982	3104	129016	11420
BFS	chrX	100001	101000	0.005719111495178428	978	1456	254585	3434
BFS	chrX	101001	102000	0.002227903013401503	993	719	322725	0
BFS	chrX	102001	103000	0.0012607271025120925	986	404	320450	0
BFS	chrX	103001	104000	0.0024042861441765087	998	775	322341	82
BFS	chrX	104001	105000	0.001985293888842213	994	638	321363	94
BFS	chrX	105001	106000	0.0033245952197378565	999	1078	324250	18
BFS	chrX	106001	107000	0.002181930406604429	997	707	324025	0
BFS	chrX	107001	108000	0.0002436512603267526	963	75	307817	228
BFS	chrX	108001	109000	0.0034262161625096955	961	1069	312006	14
BFS	chrX	109001	110000	0.0011095554669559547	996	359	323553	6
BFS	chrX	110001	111000	0.002223741657048226	983	709	318832	38
BFS	chrX	111001	112000	0.0010687245828401356	991	344	321879	8
BFS	chrX	112001	113000	0.002252085264133457	996	729	323700	0
BFS	chrX	113001	114000	0.0028208194675540766	960	868	307712	264
BFS	chrX	114001	115000	0.002811403610678687	975	847	301273	660
BFS	chrX	115001	116000	0.0010945574076488631	898	319	291442	24
BFS	chrX	116001	117000	0.004161649186076258	990	1334	320546	64
BFS	chrX	117001	118000	0.0035740589002356137	973	1121	313649	120
BFS	chrX	118001	119000	0.006753066369584797	852	1867	276467	18
BFS	chrX	119001	120000	0.01094718976434493	946	3354	306380	52
BFS	chrX	120001	121000	0.002973393957357179	985	943	317146	182
BFS	chrX	121001	122000	0.00210791253736039	978	670	317850	0
BFS	chrX	122001	123000	0.004586828600530697	964	1414	308274	220
BFS	chrX	123001	124000	0.004563646690530598	933	1382	302828	18
BFS	chrX	124001	125000	0.004703608015896686	894	1309	278297	522
BFS	chrX	125001	126000	0.003710728423533131	857	1033	278382	6
BFS	chrX	126001	127000	0.00366068198752771	997	1184	323437	32
BFS	chrX	127001	128000	0.003077865305114881	985	985	320027	4
BFS	chrX	128001	129000	0.0016065889196165777	975	506	314953	84
BFS	chrX	129001	130000	0.001867705726391952	995	603	322856	22
BFS	chrX	130001	131000	0.0030076044905117992	985	950	315866	190
BFS	chrX	131001	132000	0.0018100912587676295	990	576	318216	172
BFS	chrX	132001	133000	0.0037478642117589624	996	1213	323651	2
BFS	chrX	133001	134000	0.0042547269912505	897	1223	287445	176
BFS	chrX	134001	135000	0.002607540548075504	946	795	304885	130
BFS	chrX	135001	136000	0.003403219008070937	987	1090	320285	20
BFS	chrX	136001	137000	0.0012226535937641316	959	365	298531	584
BFS	chrX	137001	138000	0.0022330860694292367	998	724	324215	6
BFS	chrX	138001	139000	0.0033466280140001126	983	1069	319426	2
BFS	chrX	139001	140000	0.0010612306315510203	991	268	252537	5460
BFS	chrX	140001	141000	0.004892043273765767	948	1504	307438	28
BFS	chrX	141001	142000	0.0024043006415669864	980	763	317348	64
BFS	chrX	142001	143000	0.003178062290020884	983	1015	319377	4
BFS	chrX	143001	144000	0.00303996303996304	999	987	324675	0
BFS	chrX	144001	145000	0.006815485401836377	961	2114	310176	130
BFS	chrX	145001	146000	0.0058742055579021814	987	1794	305403	632
BFS	chrX	146001	147000	0.005287696508510467	996	1708	323014	28
BFS	chrX	147001	148000	0.0037562630125476484	1000	1216	323726	52
BFS	chrX	148001	149000	0.008014656104517789	978	2498	311679	254
BFS	chrX	149001	150000	0.0032935007181438152	965	1025	311219	108
BFS	chrX	150001	151000	0.008485779004840164	897	2465	290486	46
BFS	chrX	151001	152000	0.008283455656811918	993	2606	314603	332
BFS	chrX	152001	153000	0.0033704151078625512	999	1091	323699	40
BFS	chrX	153001	154000	0.009054338803396973	967	2836	313220	46
BFS	chrX	154001	155000	0.003776209877770049	997	1216	322016	82
BFS	chrX	155001	156000	0.003290089775125173	986	1054	320356	4
BFS	chrX	156001	157000	0.005462081953497545	976	1717	314349	134
BFS	chrX	157001	158000	0.0027485096706194143	958	811	295069	1122
BFS	chrX	158001	159000	0.003551282009550377	963	1091	307213	284
BFS	chrX	159001	160000	0.007854479839726154	929	2368	301484	18
BFS	chrX	160001	161000	0.0017671847387738457	886	507	286897	58
BFS	chrX	161001	162000	0.004105131082794535	960	1240	302061	438
BFS	chrX	162001	163000	0.0038398744113029826	980	1223	318500	0
BFS	chrX	163001	164000	0.006291237339276101	992	2010	319492	136
BFS	chrX	164001	165000	0.0026880973764046158	998	871	324021	18
BFS	chrX	165001	166000	0.003575371181205889	993	1153	322484	10
BFS	chrX	166001	167000	0.005794720651946337	956	1799	310455	10
BFS	chrX	167001	168000	0.0013371249349152898	999	434	324577	4
BFS	chrX	168001	169000	0.0052708030711765925	980	1651	313235	298
BFS	chrX	169001	170000	0.008349752021197093	918	2458	294380	236
BFS	chrX	170001	171000	0.007541215406211257	916	2208	292791	226
BFS	chrX	171001	172000	0.010009513304403616	978	3167	316399	78
BFS	chrX	172001	173000	0.006085778101237232	981	1940	318776	2
BFS	chrX	173001	174000	0.005248454828795963	991	1689	321809	12
BFS	chrX	174001	175000	0.006424537763089701	915	1909	297142	10
BFS	chrX	175001	176000	0.006087844739530133	979	1937	318175	0
BFS	chrX	176001	177000	0.008456554605935111	992	2724	322117	14
BFS	chrX	177001	178000	0.0022979725050695137	992	740	322023	18
BFS	chrX	178001	179000	0.0046817501016693614	936	1416	302451	106
BFS	chrX	179001	180000	0.00601450949001642	975	1901	316069	36
BFS	chrX	180001	181000	0.004370664796196711	987	1402	320775	0
BFS	chrX	181001	182000	0.0018735744542196155	909	552	294624	34
BFS	chrX	182001	183000	0.00411013431993014	999	1332	324077	28
BFS	chrX	183001	184000	0.005155112712882482	872	1459	283020	16
BFS	chrX	184001	185000	0.003185720356991075	905	937	294125	0
BFS	chrX	185001	186000	0.00254152337183659	998	824	324215	6
BFS	chrX	186001	187000	0.005193473193473194	990	1671	321750	0
BFS	chrX	187001	188000	0.002893062897561829	985	926	320076	2
BFS	chrX	188001	189000	0.00619453791376477	983	1979	319475	0
BFS	chrX	189001	190000	0.0068525537037980025	878	1884	274934	512
BFS	chrX	190001	191000	0.005393760123071536	986	1725	319814	32
BFS	chrX	191001	192000	0.008746502026628519	984	2788	318756	48
BFS	chrX	192001	193000	0.0029593842480757754	992	947	319999	98
BFS	chrX	193001	194000	0.0021403946213441553	968	673	314428	8
BFS	chrX	194001	195000	0.002015053060907647	1000	623	309173	646
BFS	chrX	195001	196000	0.0027036690859591123	1000	862	318826	252
BFS	chrX	196001	197000	0.0015046153846153846	1000	489	325000	0
BFS	chrX	197001	198000	0.004774353114287056	994	1525	319415	150
BFS	chrX	198001	199000	0.003616731475447304	998	1171	323773	34
BFS	chrX	199001	200000	0.0014213041467550486	998	461	324350	0
BFS	chrX	200001	201000	0.0032648510909380475	966	1025	313950	0
BFS	chrX	201001	202000	0.004503810204937236	999	1461	324392	14
BFS	chrX	202001	203000	0.003615246300567384	969	1138	314778	6
BFS	chrX	203001	204000	0.006658744399147627	918	1978	297053	66
BFS	chrX	204001	205000	0.004254816969511398	965	1334	313527	4
BFS	chrX	205001	206000	0.002903252232325715	939	886	305175	0
BFS	chrX	206001	207000	0.00272	1000	884	325000	0
BFS	chrX	207001	208000	0.007257173521891474	978	2299	316790	56
BFS	chrX	208001	209000	0.009390135415637046	980	2945	313627	234
BFS	chrX	209001	210000	0.005731347266934663	971	1718	299755	1056
BFS	chrX	210001	211000	0.0042847015542973495	986	1372	320209	10
BFS	chrX	211001	212000	0.006335602933831068	946	1928	304312	148
BFS	chrX	212001	213000	0.005046455842703168	954	1561	309326	32
BFS	chrX	213001	214000	0.007667735842214743	955	2326	303349	388
BFS	chrX	214001	215000	0.003922380752206919	998	1269	323528	36
BFS	chrX	215001	216000	0.0014338461538461538	1000	466	325000	0
BFS	chrX	216001	217000	0.0083770813874843	959	2601	310490	50
BFS	chrX	217001	218000	0.002407841063604774	991	765	317712	286
BFS	chrX	218001	219000	0.006019081769866172	966	1880	312340	100
BFS	chrX	219001	220000	0.0028615384615384614	1000	930	325000	0
BFS	chrX	220001	221000	0.0022884422884422886	999	743	324675	0
BFS	chrX	221001	222000	0.0019467515330280215	991	627	322075	0
BFS	chrX	222001	223000	0.0031114760373130183	998	1008	323962	16
BFS	chrX	223001	224000	0.008332991386085798	981	2640	316813	96
BFS	chrX	224001	225000	0.003232687940980801	986	1035	320167	14
BFS	chrX	225001	226000	0.006127263453200714	975	1922	313680	134
BFS	chrX	226001	227000	0.004559150141463554	984	1439	315629	246
BFS	chrX	227001	228000	0.0055416701770151745	987	1776	320481	12
BFS	chrX	228001	229000	0.009931835973549049	972	3121	314242	76
BFS	chrX	229001	230000	0.0021021461881811283	1000	673	320149	198
BFS	chrX	230001	231000	0.0021811864017348775	999	693	317717	284
BFS	chrX	231001	232000	0.0010144192449822477	999	322	317423	296
BFS	chrX	232001	233000	0.003514342525085932	999	1140	324385	12
BFS	chrX	233001	234000	0.0019767775408139087	988	634	320724	16
BFS	chrX	234001	235000	0.004100366808007476	969	1290	314606	14
BFS	chrX	235001	236000	0.0046910809401128515	977	1484	316345	56
BFS	chrX	236001	237000	0.002809991222796295	969	874	311033	224
BFS	chrX	237001	238000	0.006736431943950855	974	2123	315152	68
BFS	chrX	238001	239000	0.009587173636013396	973	2588	269944	1962
BFS	chrX	239001	240000	0.01282503155094198	917	2256	175906	7134
BFS	chrX	240001	241000	0.0057814948829617435	980	1601	276918	1788
BFS	chrX	241001	242000	0.008432279324299562	991	2715	321977	4
BFS	chrX	242001	243000	0.017341678239199496	822	4558	262835	270
BFS	chrX	243001	244000	0.008247586130356888	972	2601	315365	22
BFS	chrX	244001	245000	0.006818435977314482	963	2134	312975	0
BFS	chrX	245001	246000	0.007627972064554942	944	2333	305848	40
BFS	chrX	246001	247000	0.009325224442513757	910	2737	293505	98
BFS	chrX	247001	248000	0.014417599553692956	916	4290	297553	6
BFS	chrX	248001	249000	0.00480306484295846	983	1517	315840	150
BFS	chrX	249001	250000	0.0032597684290340025	998	1049	321802	104
BFS	chrX	250001	251000	0.002268034257472665	1000	737	324951	2
BFS	chrX	251001	252000	0.0024656188301596473	996	798	323651	2
BFS	chrX	252001	253000	0.004856751827783611	965	1494	307613	368
BFS	chrX	253001	254000	0.004797871297950446	821	1273	265326	62
BFS	chrX	254001	255000	0.006496419606379299	928	1897	292007	418
BFS	chrX	255001	256000	0.007924662645570747	899	2315	292126	2
BFS	chrX	256001	257000	0.006897942460596904	964	2155	312412	48
BFS	chrX	257001	258000	0.007890205832815132	986	2525	320017	18
BFS	chrX	258001	259000	0.005762859714733804	995	1863	323277	4
BFS	chrX	259001	260000	0.0034955371444005453	980	1113	318406	4
BFS	chrX	260001	261000	0.008099365385090254	997	2624	323976	2
BFS	chrX	261001	262000	0.0103260747070737	962	3207	310573	106
BFS	chrX	262001	263000	0.01026071950599159	956	3187	310602	4
BFS	chrX	263001	264000	0.007482652727059274	997	2422	323682	14
BFS	chrX	264001	265000	0.008223786679957636	993	2640	321020	90
BFS	chrX	265001	266000	0.011118852329226969	979	3511	315770	138
BFS	chrX	266001	267000	0.007217310990895897	935	2188	303160	30
BFS	chrX	267001	268000	0.007080716264190692	961	2178	307596	250
BFS	chrX	268001	269000	0.004984122378580524	957	1546	310185	48
BFS	chrX	269001	270000	0.0069036354581673304	991	2218	321280	46
BFS	chrX	270001	271000	0.006769606955261728	953	2093	309176	26
BFS	chrX	271001	272000	0.010898533670935726	887	3112	285543	112
BFS	chrX	272001	273000	0.010578936232698703	979	3350	316667	72
BFS	chrX	273001	274000	0.0051873019817357275	993	1670	321940	34
BFS	chrX	274001	275000	0.015485684381675219	937	4705	303829	32
BFS	chrX	275001	276000	0.005591469638512451	962	1742	311546	48
BFS	chrX	276001	277000	0.007306052058127565	931	2186	299204	174
BFS	chrX	277001	278000	0.0065738462057108185	921	1950	296630	142
BFS	chrX	278001	279000	0.0055435175731427455	968	1732	312437	134
BFS	chrX	279001	280000	0.009512923216444981	990	3021	317568	268
BFS	chrX	280001	281000	0.007944887806394777	951	2453	308752	14
BFS	chrX	281001	282000	0.01339088287842069	873	3785	282655	44
BFS	chrX	282001	283000	0.008894013270332764	980	2831	318304	8
BFS	chrX	283001	284000	0.009926464799155998	982	3152	317535	70
BFS	chrX	284001	285000	0.00502162655533983	984	1601	318821	46
BFS	chrX	285001	286000	0.004140818858560794	992	1335	322400	0
BFS	chrX	286001	287000	0.004532141205487899	998	1470	324350	0
BFS	chrX	287001	288000	0.006286699700945188	987	2016	320677	4
BFS	chrX	288001	289000	0.005276045276045276	999	1713	324675	0
BFS	chrX	289001	290000	0.004637328378171689	953	1425	307289	128
BFS	chrX	290001	291000	0.005983124520582971	971	1872	312880	110
BFS	chrX	291001	292000	0.0046174268166430605	999	1454	314894	426
BFS	chrX	292001	293000	0.005526792728262416	1000	1787	323334	68
BFS	chrX	293001	294000	0.008998932655004697	963	2816	312926	2
BFS	chrX	294001	295000	0.0036923076923076922	1000	1200	325000	0
BFS	chrX	295001	296000	0.00546841364597323	961	1702	311242	46
BFS	chrX	296001	297000	0.0021005621005621006	999	682	324675	0
BFS	chrX	297001	298000	0.005278617737267535	997	1709	323759	12
BFS	chrX	298001	299000	0.003461814758849612	994	1118	322952	4
BFS	chrX	299001	300000	0.0023732736671553123	997	769	324025	0
BFS	chrX	300001	301000	0.006313520718344659	875	1781	282093	100
BFS	chrX	301001	302000	0.008783116849084128	932	2011	228962	5420
BFS	chrX	302001	303000	0.003374103753690426	999	16	4742	24474
BFS	chrX	303001	304000	0.012841099472535557	949	2583	201151	6940
BFS	chrX	304001	305000	0.004381606287830879	998	1067	243518	6040
BFS	chrX	305001	306000	0.004746810977966757	995	1535	323375	0
BFS	chrX	306001	307000	0.005961712693686089	999	1928	323397	68
BFS	chrX	307001	308000	0.009811522435527345	934	2974	303113	18
BFS	chrX	308001	309000	0.009765486285706169	869	2750	281604	34
BFS	chrX	309001	310000	0.008863245229937105	989	2848	321327	4
BFS	chrX	310001	311000	0.0031520463260035995	983	1007	319475	0
BFS	chrX	311001	312000	0.004691552740692366	999	1523	324626	2
BFS	chrX	312001	313000	0.0039516439516439515	999	1283	324675	0
BFS	chrX	313001	314000	0.004940405341507558	978	1515	306655	542
BFS	chrX	314001	315000	0.008447239315996937	920	2383	282104	736
BFS	chrX	315001	316000	0.010593614798872792	981	3357	316889	88
BFS	chrX	316001	317000	0.01220644775809217	950	3759	307952	36
BFS	chrX	317001	318000	0.002678577069106025	977	848	316586	46
BFS	chrX	318001	319000	0.006777876907080186	963	2112	311602	58
BFS	chrX	319001	320000	0.008806925103500188	941	2691	305555	12
BFS	chrX	320001	321000	0.005443417601323719	982	1737	319101	2
BFS	chrX	321001	322000	0.0048712810235856325	998	1580	324350	0
BFS	chrX	322001	323000	0.008508641064753507	931	2538	298285	204
BFS	chrX	323001	324000	0.005204297702141009	984	1659	318775	42
BFS	chrX	324001	325000	0.007399941476737003	956	2276	307570	132
BFS	chrX	325001	326000	0.006142711037683895	982	1952	317775	62
BFS	chrX	326001	327000	0.007799458726088408	885	2196	281558	294
BFS	chrX	327001	328000	0.009441604323941649	905	2774	293806	14
BFS	chrX	328001	329000	0.004239269349459182	889	1224	288729	8
BFS	chrX	329001	330000	0.006543789953417089	923	1947	297534	138
BFS	chrX	330001	331000	0.008843598803268106	892	2548	288118	76
BFS	chrX	331001	332000	0.008309680729943394	969	2591	311805	152
BFS	chrX	332001	333000	0.00429009960165596	985	1371	319573	24
BFS	chrX	333001	334000	0.004603449837601418	999	1423	309116	678
BFS	chrX	334001	335000	0.0028155983531987726	1000	913	324265	30
BFS	chrX	335001	336000	0.004333320791160276	1000	1382	318924	248
BFS	chrX	336001	337000	0.003736167212039861	995	1208	323326	2
BFS	chrX	337001	338000	0.011200433128531858	868	2317	206867	3354
BFS	chrX	338001	339000	0.00909889687459242	944	2651	291354	684
BFS	chrX	339001	340000	0.007688110023554766	935	2226	289538	634
BFS	chrX	340001	341000	0.00873968617086253	950	2361	270147	2766
BFS	chrX	341001	342000	0.0	1000	0	19277	22862
BFS	chrX	342001	343000	0.010932816740012468	904	2929	267909	1350
BFS	chrX	343001	344000	0.006860401374026488	951	2115	308291	32
BFS	chrX	344001	345000	0.0051774851774851775	999	1681	324675	0
BFS	chrX	345001	346000	0.004636197208771527	892	585	126181	11558
BFS	chrX	346001	347000	0.008500195740115124	849	2345	275876	2
BFS	chrX	347001	348000	0.005106485638846819	923	1524	298444	70
BFS	chrX	348001	349000	0.009868979040717596	913	2909	294762	86
BFS	chrX	349001	350000	0.009092803090493696	926	2575	283191	1182
BFS	chrX	350001	351000	0.008847127592240963	826	1901	214872	3396
BFS	chrX	351001	352000	0.003926037620473765	906	1130	287822	280
BFS	chrX	352001	353000	0.004877240850270014	877	1119	229433	3624
BFS	chrX	353001	354000	0.00656650299412935	945	2010	306099	44
BFS	chrX	354001	355000	0.011699284116761808	964	3646	311643	82
BFS	chrX	355001	356000	0.012383927388649348	795	2898	234013	1108
BFS	chrX	356001	357000	0.005095566528374087	937	1550	304186	14
BFS	chrX	357001	358000	0.004804760603065795	882	1371	285342	56
BFS	chrX	358001	359000	0.00514552298544584	833	1382	268583	92
BFS	chrX	359001	360000	0.004531223985453073	946	1388	306319	54
BFS	chrX	360001	361000	0.00892834169561302	869	2429	272055	500
BFS	chrX	361001	362000	0.009338110865231123	906	2726	291922	104
BFS	chrX	362001	363000	0.003260924095720664	984	1040	318928	48
BFS	chrX	363001	364000	7.692307692307693e-05	1000	25	325000	0
BFS	chrX	364001	365000	0.009521094444997819	914	2772	291143	270
BFS	chrX	365001	366000	0.013345497291956642	859	3701	277322	82
BFS	chrX	366001	367000	0.017825012682620614	857	4884	273997	216
BFS	chrX	367001	368000	0.00968036083565369	815	2378	245652	886
BFS	chrX	368001	369000	0.01069737089690569	822	2672	249781	1130
BFS	chrX	369001	370000	0.009054266374496163	896	2599	287047	218
BFS	chrX	370001	371000	0.00460894526677037	966	1437	311785	114
BFS	chrX	371001	372000	0.00825044674466435	915	2447	296590	42
BFS	chrX	372001	373000	0.010589001225490197	918	553	52224	17460
BFS	chrX	373001	374000	0.009530201919808622	921	2215	232419	4028
BFS	chrX	374001	375000	0.01284205598661296	903	3676	286247	376
BFS	chrX	375001	376000	0.008003003733807997	902	2302	287642	248
BFS	chrX	376001	377000	0.0068655687824667935	955	2112	307622	146
BFS	chrX	377001	378000	0.010500440858203971	934	3144	299416	220
BFS	chrX	378001	379000	0.0029953736375754724	981	955	318825	0
BFS	chrX	379001	380000	0.001783974553361163	990	553	309982	488
BFS	chrX	380001	381000	0.004439518975150568	951	1346	303186	290
BFS	chrX	381001	382000	0.004824898597598155	947	1456	301768	246
BFS	chrX	382001	383000	0.003493469074751402	987	1107	316877	204
BFS	chrX	383001	384000	0.0023998261543258285	988	762	317523	146
BFS	chrX	384001	385000	0.0079144250723699	933	2395	302612	26
BFS	chrX	385001	386000	0.0032030629873465006	993	1029	321255	60
BFS	chrX	386001	387000	0.003692343569330228	991	1140	308747	544
BFS	chrX	387001	388000	0.003861236610995482	990	1217	315184	268
BFS	chrX	388001	389000	0.004710315591144607	985	1480	314204	242
BFS	chrX	389001	390000	0.0023169601482854493	996	750	323700	0
BFS	chrX	390001	391000	0.003921981337262331	878	1118	285060	12
BFS	chrX	391001	392000	0.00219767991765655	885	632	287576	2
BFS	chrX	392001	393000	0.0033841645205079734	984	1067	315292	184
BFS	chrX	393001	394000	0.003512138149662134	990	842	239740	6268
BFS	chrX	394001	395000	0.008675785223080776	966	2286	263492	3972
BFS	chrX	395001	396000	0.004721084953940634	963	1476	312640	14
BFS	chrX	396001	397000	0.004928022727196588	925	1471	298497	96
BFS	chrX	397001	398000	0.006834419580089485	927	2027	296587	232
BFS	chrX	398001	399000	0.004358859635631493	893	1247	286084	178
BFS	chrX	399001	400000	0.0039039701632763457	942	1097	280996	1132
BFS	chrX	400001	401000	0.005813973383705134	929	1699	292227	404
BFS	chrX	401001	402000	0.01363736459633191	834	2601	190726	6176
BFS	chrX	402001	403000	0.013874212671951169	969	4346	313243	76
BFS	chrX	403001	404000	0.013384157100120489	968	4210	314551	2
BFS	chrX	404001	405000	0.017392816161897147	916	5002	287590	468
BFS	chrX	405001	406000	0.010472540637678003	922	3077	293816	260
BFS	chrX	406001	407000	0.00805764367617002	913	2326	288670	414
BFS	chrX	407001	408000	0.02463627047534606	964	7669	311289	94
BFS	chrX	408001	409000	0.00493049591245984	981	1550	314370	182
BFS	chrX	409001	410000	0.006518521329892212	973	2061	316176	2
BFS	chrX	410001	411000	0.006561307110119008	935	1987	302836	46
BFS	chrX	411001	412000	0.005046245873038093	915	1478	292891	240
BFS	chrX	412001	413000	0.006040726716739249	953	1849	306089	168
BFS	chrX	413001	414000	0.0075044339602801284	892	2141	285298	204
BFS	chrX	414001	415000	0.012985584607939464	873	3542	272764	594
BFS	chrX	415001	416000	0.008138708279150413	894	2347	288375	94
BFS	chrX	416001	417000	0.0052736427461624255	964	1636	310222	148
BFS	chrX	417001	418000	0.008992858901748339	948	2739	304575	226
BFS	chrX	418001	419000	0.006280587275693312	946	1925	306500	44
BFS	chrX	419001	420000	0.010479515257890287	955	3248	309938	18
BFS	chrX	420001	421000	0.0052935893485771225	943	1615	305086	66
BFS	chrX	421001	422000	0.0021973644076764584	999	706	321294	138
BFS	chrX	422001	423000	0.0013871719621405857	999	441	317913	276
BFS	chrX	423001	424000	0.004051726938947915	950	1247	307770	40
BFS	chrX	424001	425000	0.00584746200765016	983	1810	309536	406
BFS	chrX	425001	426000	0.008082037635968606	874	2284	282602	64
BFS	chrX	426001	427000	0.006392872261614986	937	1933	302368	90
BFS	chrX	427001	428000	0.01195956119595612	936	3614	302185	102
BFS	chrX	428001	429000	0.015226046639893827	903	4417	290095	144
BFS	chrX	429001	430000	0.008189731409657125	976	2593	316616	24
BFS	chrX	430001	431000	0.0081960174415831	973	2577	314421	96
BFS	chrX	431001	432000	0.008720620369876886	934	2618	300208	188
BFS	chrX	432001	433000	0.007490073302432863	987	2390	319089	92
BFS	chrX	433001	434000	0.007366770589669059	855	2025	274883	128
BFS	chrX	434001	435000	0.0030898902652882598	995	992	321047	96
BFS	chrX	435001	436000	0.012567985443409264	932	3792	301719	50
BFS	chrX	436001	437000	0.008594409210920275	920	2526	293912	208
BFS	chrX	437001	438000	0.0017154261532402865	999	514	299634	1026
BFS	chrX	438001	439000	0.002664501147985807	976	817	306624	432
BFS	chrX	439001	440000	0.006221961289828529	968	1950	313406	52
BFS	chrX	440001	441000	0.006136236143566588	910	1783	290569	258
BFS	chrX	441001	442000	0.007128204616709389	938	2144	300777	202
BFS	chrX	442001	443000	0.009453963947136448	941	2885	305163	28
BFS	chrX	443001	444000	0.017561244150839525	795	4466	254310	178
BFS	chrX	444001	445000	0.013402687354707643	908	3932	293374	76
BFS	chrX	445001	446000	0.006489183102001549	967	2037	313907	16
BFS	chrX	446001	447000	0.006418908215315401	987	2026	315630	210
BFS	chrX	447001	448000	0.010679972091891926	962	3337	312454	8
BFS	chrX	448001	449000	0.0037722670727333364	1000	1199	317846	292
BFS	chrX	449001	450000	0.0054169534830359745	997	1747	322506	62
BFS	chrX	450001	451000	0.006027284394657202	994	1902	315565	306
BFS	chrX	451001	452000	0.004339714597024285	993	1398	322141	24
BFS	chrX	452001	453000	0.004315789133644096	973	1336	309561	272
BFS	chrX	453001	454000	0.008016032064128256	903	2348	292913	28
BFS	chrX	454001	455000	0.016513229430953243	856	4556	275900	96
BFS	chrX	455001	456000	0.019891848112578506	890	5698	286449	130
BFS	chrX	456001	457000	0.011788396190795821	956	3653	309881	38
BFS	chrX	457001	458000	0.015251464691814617	731	3431	224962	546
BFS	chrX	458001	459000	0.007134749473001459	935	2156	302183	72
BFS	chrX	459001	460000	0.01035039341256201	886	2969	286849	50
BFS	chrX	460001	461000	0.008540242380907214	856	2341	274114	172
BFS	chrX	461001	462000	0.009724730459290386	987	3064	315073	236
BFS	chrX	462001	463000	0.010464342735497605	944	3146	300640	264
BFS	chrX	463001	464000	0.0035812077408919093	959	1045	291801	812
BFS	chrX	464001	465000	0.012536666542897746	913	3714	296251	20
BFS	chrX	465001	466000	0.013823074216174295	917	4046	292699	332
BFS	chrX	466001	467000	0.0013230621646069605	1000	411	310643	586
BFS	chrX	467001	468000	0.0018367384994064009	1000	591	321766	132
BFS	chrX	468001	469000	0.0038173178113173013	984	1168	305974	596
BFS	chrX	469001	470000	0.016606511225005414	854	4601	277060	20
BFS	chrX	470001	471000	0.007187434880427219	884	2035	283133	174
BFS	chrX	471001	472000	0.0109097509481548	988	3426	314031	298
BFS	chrX	472001	473000	0.0017817256077537578	949	548	307567	36
BFS	chrX	473001	474000	0.0066738004993682895	928	2002	299979	82
BFS	chrX	474001	475000	0.007621370835958584	916	2262	296797	38
BFS	chrX	475001	476000	0.01328596669767558	989	4256	320338	46
BFS	chrX	476001	477000	0.009409277297902446	942	2866	304593	66
BFS	chrX	477001	478000	0.0071025508660127815	881	1995	280885	248
BFS	chrX	478001	479000	0.009419403252907878	952	2887	306495	130
BFS	chrX	479001	480000	0.007171165015374103	904	2099	292700	48
BFS	chrX	480001	481000	0.015266246358683334	761	3637	238238	422
BFS	chrX	481001	482000	0.012633687264883741	965	3936	311548	106
BFS	chrX	482001	483000	0.00888611498187863	996	2876	323651	2
BFS	chrX	483001	484000	0.008474183225225106	931	2558	301858	42
BFS	chrX	484001	485000	0.012929953590947658	909	3764	291107	236
BFS	chrX	485001	486000	0.00424133110594769	972	1338	315467	18
BFS	chrX	486001	487000	0.008103392865341353	939	2471	304934	10
BFS	chrX	487001	488000	0.009029991282764495	927	2714	300554	34
BFS	chrX	488001	489000	0.013805931659140899	933	4149	300523	132
BFS	chrX	489001	490000	0.009926329451766814	854	2715	273515	182
BFS	chrX	490001	491000	0.009671627960850176	918	2839	293539	214
BFS	chrX	491001	492000	0.01013065199918047	977	3214	317255	12
BFS	chrX	492001	493000	0.013468013468013467	956	4180	310365	14
BFS	chrX	493001	494000	0.014909618683203589	982	4746	318318	40
BFS	chrX	494001	495000	0.009618877590623302	991	3098	322075	0
BFS	chrX	495001	496000	0.0030045996340076165	996	972	323504	8
BFS	chrX	496001	497000	0.013422636618418464	907	3956	294726	2
BFS	chrX	497001	498000	0.01770730922546163	864	4953	279715	66
BFS	chrX	498001	499000	0.008195127185423135	922	2444	298226	64
BFS	chrX	499001	500000	0.01114726697836022	945	3388	303931	140
BFS	chrX	500001	501000	0.012405191302882184	921	3680	296650	126
BFS	chrX	501001	502000	0.013648980340880417	941	4165	305151	28
BFS	chrX	502001	503000	0.005496562398761743	920	1527	277810	956
BFS	chrX	503001	504000	0.009265863537910863	960	2832	305638	332
BFS	chrX	504001	505000	0.006568225917882301	940	1987	302517	150
BFS	chrX	505001	506000	0.015313301334736011	938	4658	304180	28
BFS	chrX	506001	507000	0.012193940123042169	930	3649	299247	150
BFS	chrX	507001	508000	0.014878261973956504	833	3983	267706	150
BFS	chrX	508001	509000	0.00785684528459095	951	2414	307248	78
BFS	chrX	509001	510000	0.002833896194255324	989	892	314761	272
BFS	chrX	510001	511000	0.011182856514430253	980	3559	318255	10
BFS	chrX	511001	512000	0.006857408456052031	946	2095	305509	90
BFS	chrX	512001	513000	0.010284908555550948	967	3224	313469	36
BFS	chrX	513001	514000	0.016702485308411882	916	3746	224278	4196
BFS	chrX	514001	515000	0.010982972877998914	972	3438	313030	164
BFS	chrX	515001	516000	0.009329038740803446	909	2711	290598	230
BFS	chrX	516001	517000	0.00689501379362436	866	1917	278027	142
BFS	chrX	517001	518000	0.006758490614454894	983	2107	311756	318
BFS	chrX	518001	519000	0.00976847175565989	939	2969	303937	52
BFS	chrX	519001	520000	0.010034908194323346	971	3142	313107	112
BFS	chrX	520001	521000	0.021525087963099848	843	5824	270568	182
BFS	chrX	521001	522000	0.01846836398325988	947	5653	306091	80
BFS	chrX	522001	523000	0.00894190219241952	945	2731	305416	74
BFS	chrX	523001	524000	0.01751089314485371	844	4706	268747	306
BFS	chrX	524001	525000	0.010091297217725156	890	2886	285989	146
BFS	chrX	525001	526000	0.008772415951388233	945	2691	306757	24
BFS	chrX	526001	527000	0.007395553871501406	912	2186	295583	34
BFS	chrX	527001	528000	0.011771943256625688	944	3521	299101	374
BFS	chrX	528001	529000	0.008436449053988139	983	2629	311624	326
BFS	chrX	529001	530000	0.00483913020806174	957	1392	287655	964
BFS	chrX	530001	531000	0.004096983009668347	972	1231	300465	630
BFS	chrX	531001	532000	0.007969427994882684	977	2417	303284	586
BFS	chrX	532001	533000	0.004713737637283191	983	1467	311218	338
BFS	chrX	533001	534000	0.008202911044923173	974	2531	308549	330
BFS	chrX	534001	535000	0.004759766794201088	982	1463	307368	484
BFS	chrX	535001	536000	0.01759757764303459	854	4661	264866	552
BFS	chrX	536001	537000	0.019073610116917203	879	5116	268224	734
BFS	chrX	537001	538000	0.014198047213318627	847	3836	270178	226
BFS	chrX	538001	539000	0.01316433559900903	846	3523	267617	330
BFS	chrX	539001	540000	0.01215102797414735	905	3448	283762	542
BFS	chrX	540001	541000	0.012392805899429411	931	3714	299690	122
BFS	chrX	541001	542000	0.007998901438429056	936	2330	291290	548
BFS	chrX	542001	543000	0.014119794191574565	839	3466	245471	1224
BFS	chrX	543001	544000	0.034376128677943964	739	6948	202117	1948
BFS	chrX	544001	545000	0.02184798367609945	858	3255	148984	9820
BFS	chrX	545001	546000	0.01513884850247165	887	4165	275120	654
BFS	chrX	546001	547000	0.019235866114602415	852	3266	169787	6842
BFS	chrX	547001	548000	0.010882195209152663	941	2922	268512	2002
BFS	chrX	548001	549000	0.01067873435596513	865	2919	273347	364
BFS	chrX	549001	550000	0.017823842653989758	815	4368	245065	956
BFS	chrX	550001	551000	0.02233832938519781	852	6054	271014	252
BFS	chrX	551001	552000	0.01323193482746455	895	3713	280609	492
BFS	chrX	552001	553000	0.011386173878160067	852	3037	266727	426
BFS	chrX	553001	554000	0.015666666666666666	824	4136	264000	184
BFS	chrX	554001	555000	0.014168039538714991	825	3698	261010	326
BFS	chrX	555001	556000	0.005905173170432004	881	1682	284835	76
BFS	chrX	556001	557000	0.01894615093752085	844	4259	224795	2970
BFS	chrX	557001	558000	0.0132786471175473	965	2208	166282	10486
BFS	chrX	558001	559000	0.009839158417614959	785	2472	251241	176
BFS	chrX	559001	560000	0.01698515286287656	894	4854	285779	254
BFS	chrX	560001	561000	0.013157134849591494	912	3873	294365	94
BFS	chrX	561001	562000	0.01698499161093107	835	4434	261054	450
BFS	chrX	562001	563000	0.01013683991807415	848	2732	269512	256
BFS	chrX	563001	564000	0.0072319488127860045	931	2143	296324	318
BFS	chrX	564001	565000	0.011521949508660947	959	3548	307934	178
BFS	chrX	565001	566000	0.018096131576247086	855	4938	272876	246
BFS	chrX	566001	567000	0.007168963651056069	870	1934	269774	824
BFS	chrX	567001	568000	0.017545060382795095	910	5127	292219	150
BFS	chrX	568001	569000	0.01463282604375801	905	4271	291878	94
BFS	chrX	569001	570000	0.011264126184992769	930	3365	298736	156
BFS	chrX	570001	571000	0.012663808568214297	854	3332	263112	612
BFS	chrX	571001	572000	0.011061574546561386	865	3089	279255	84
BFS	chrX	572001	573000	0.01183425965896827	926	3509	296512	212
BFS	chrX	573001	574000	0.011075398286447812	941	3339	301479	204
BFS	chrX	574001	575000	0.013510576765552543	938	4041	299099	302
BFS	chrX	575001	576000	0.009723354646755068	867	2719	279636	94
BFS	chrX	576001	577000	0.01144203264344607	919	3400	297150	66
BFS	chrX	577001	578000	0.01139957271894907	952	3511	307994	68
BFS	chrX	578001	579000	0.012092431046645676	919	3514	290595	416
BFS	chrX	579001	580000	0.012602097834250252	870	3507	278287	198
BFS	chrX	580001	581000	0.010945230068736045	827	2750	251251	760
BFS	chrX	581001	582000	0.012484501261276669	949	3796	304057	192
BFS	chrX	582001	583000	0.009047767953788689	910	2633	291011	206
BFS	chrX	583001	584000	0.010799460653144034	753	2587	239549	240
BFS	chrX	584001	585000	0.014965080396296898	955	4607	307850	114
BFS	chrX	585001	586000	0.0066343645173313455	940	1780	268300	2176
BFS	chrX	586001	587000	0.013003736996263004	862	3605	277228	124
BFS	chrX	587001	588000	0.012977453817843999	863	3632	279870	26
BFS	chrX	588001	589000	0.010743832590873357	744	2583	240417	62
BFS	chrX	589001	590000	0.012916870349247732	937	3805	294576	418
BFS	chrX	590001	591000	0.014473154967475277	903	4174	288396	230
BFS	chrX	591001	592000	0.011749696189990841	894	3297	280603	430
BFS	chrX	592001	593000	0.01715272968171279	845	4557	265672	482
BFS	chrX	593001	594000	0.011164121459961804	890	3145	281706	424
BFS	chrX	594001	595000	0.017312766917815355	730	3989	230408	332
BFS	chrX	595001	596000	0.014159840215375696	792	3566	251839	258
BFS	chrX	596001	597000	0.0141695596862199	956	4355	307349	150
BFS	chrX	597001	598000	0.0099249314277465	632	1925	193956	544
BFS	chrX	598001	599000	0.009471116065717575	921	2073	218876	6122
BFS	chrX	599001	600000	0.012519716088328076	948	3810	304320	208
BFS	chrX	600001	601000	0.006392609636508067	924	1867	292056	416
BFS	chrX	601001	602000	0.012453419011627142	937	3783	303772	34
BFS	chrX	602001	603000	0.010061226465321137	962	1663	165288	11420
BFS	chrX	603001	604000	0.01096425991245591	996	258	23531	23978
BFS	chrX	604001	605000	0.008856799912705052	850	2435	274930	56
BFS	chrX	605001	606000	0.020714076839571056	777	5171	249637	128
BFS	chrX	606001	607000	0.004975408432093831	948	1220	245206	4564
BFS	chrX	607001	608000	0.009034416202610885	966	2771	306716	308
BFS	chrX	608001	609000	0.01135017347888635	899	3219	283608	382
BFS	chrX	609001	610000	0.01131043722785234	849	2904	256754	886
BFS	chrX	610001	611000	0.009064503861839258	944	2765	305036	72
BFS	chrX	611001	612000	0.003503463373992101	955	1005	286859	960
BFS	chrX	612001	613000	0.0019649158622298698	990	539	274312	2860
BFS	chrX	613001	614000	0.005571534226312762	994	1695	304225	802
BFS	chrX	614001	615000	0.00873440285204991	946	2646	302940	220
BFS	chrX	615001	616000	0.005888872792936047	960	1748	296831	626
BFS	chrX	616001	617000	0.0038770522936240046	895	1082	279078	482
BFS	chrX	617001	618000	0.011614610940536792	932	3484	299967	130
BFS	chrX	618001	619000	0.013334586765205695	864	3688	276574	188
BFS	chrX	619001	620000	0.015941812384795497	880	4480	281022	228
BFS	chrX	620001	621000	0.017600850935382096	792	2449	139141	9150
BFS	chrX	621001	622000	0.014867150093266219	809	3754	252503	476
BFS	chrX	622001	623000	0.010883865982610874	900	3127	287306	228
BFS	chrX	623001	624000	0.015188580982923553	921	4433	291864	330
BFS	chrX	624001	625000	0.012656867223819633	888	942	74426	15516
BFS	chrX	625001	626000	0.026907418035727097	714	6001	223024	444
BFS	chrX	626001	627000	0.011337355539874878	947	3358	296189	484
BFS	chrX	627001	628000	0.0026232533614553126	1000	796	303440	880
BFS	chrX	628001	629000	0.01728957372954508	852	4707	272245	246
BFS	chrX	629001	630000	0.0211430253860246	947	6463	305680	102
BFS	chrX	630001	631000	0.009276102832990022	927	2774	299048	102
BFS	chrX	631001	632000	0.01935886392076372	889	5461	282093	336
BFS	chrX	632001	633000	0.008934793157166988	860	2449	274097	334
BFS	chrX	633001	634000	0.012783512715671354	861	3486	272695	340
BFS	chrX	634001	635000	0.0162601068227271	907	4740	291511	144
BFS	chrX	635001	636000	0.010779187232527455	898	3088	286478	232
BFS	chrX	636001	637000	0.010708874076516632	833	2728	254742	766
BFS	chrX	637001	638000	0.010840827885264217	851	2940	271197	244
BFS	chrX	638001	639000	0.023215716748828285	764	5736	247074	52
BFS	chrX	639001	640000	0.008954608952033939	976	2782	310678	316
BFS	chrX	640001	641000	0.015957499891886856	926	4797	300611	14
BFS	chrX	641001	642000	0.017185881826069917	896	4912	285816	248
BFS	chrX	642001	643000	0.010672442047857693	935	3139	294122	402
BFS	chrX	643001	644000	0.009966345058941334	864	2757	276631	210
BFS	chrX	644001	645000	0.017645241038318913	904	5139	291240	112
BFS	chrX	645001	646000	0.019817383807508426	801	5057	255180	258
BFS	chrX	646001	647000	0.009714187450723373	960	2994	308209	214
BFS	chrX	647001	648000	0.013902820471336893	889	3867	278145	592
BFS	chrX	648001	649000	0.0062803927477834455	883	1688	268773	860
BFS	chrX	649001	650000	0.015240650583790394	804	3215	210949	2550
BFS	chrX	650001	651000	0.031111839640314724	795	6643	213520	1982
BFS	chrX	651001	652000	0.00926173982930843	821	2420	261290	238
BFS	chrX	652001	653000	0.016683482783612102	886	4696	281476	284
BFS	chrX	653001	654000	0.014118200450223432	928	4202	297630	172
BFS	chrX	654001	655000	0.010215535619501753	962	1174	114923	15566
BFS	chrX	655001	656000	0.01351588020742117	859	3550	262654	762
BFS	chrX	656001	657000	0.01332331384043364	874	3741	280786	136
BFS	chrX	657001	658000	0.015800573308031047	863	4338	274547	296
BFS	chrX	658001	659000	0.012035998122184526	926	3615	300349	26
BFS	chrX	659001	660000	0.009733479018561036	899	2815	289208	134
BFS	chrX	660001	661000	0.01169794771276929	923	2614	223458	4762
BFS	chrX	661001	662000	0.00890245258351321	961	2322	260827	3684
BFS	chrX	662001	663000	0.011748567528009504	943	3580	304718	82
BFS	chrX	663001	664000	0.007670858104908718	965	2187	285105	2088
BFS	chrX	664001	665000	0.014096630956337943	804	3308	234666	1436
BFS	chrX	665001	666000	0.013594674390148071	846	3633	267237	378
BFS	chrX	666001	667000	0.007602393085860515	942	1732	227823	5846
BFS	chrX	667001	668000	0.010227410920588592	912	2523	246690	3820
BFS	chrX	668001	669000	0.002500091466760979	980	205	81997	18886
BFS	chrX	669001	670000	0.012072595105067299	926	3481	288339	558
BFS	chrX	670001	671000	0.015726761720764745	717	3598	228782	206
BFS	chrX	671001	672000	0.011996079211098205	912	3439	286677	414
BFS	chrX	672001	673000	0.007806188398772015	920	2319	297072	96
BFS	chrX	673001	674000	0.022430461186737298	918	6652	296561	82
BFS	chrX	674001	675000	0.009555965228438663	909	2768	289662	294
BFS	chrX	675001	676000	0.00851245431030551	961	2613	306962	302
BFS	chrX	676001	677000	0.016920989649232457	848	4440	262396	576
BFS	chrX	677001	678000	0.03279049295774648	915	9536	290816	334
BFS	chrX	678001	679000	0.017787194037781607	915	5222	293582	186
BFS	chrX	679001	680000	0.010420108357758237	888	2933	281475	370
BFS	chrX	680001	681000	0.015297515478577295	842	3464	226442	2184
BFS	chrX	681001	682000	0.013883429016249879	828	3567	256925	542
BFS	chrX	682001	683000	0.017063733366851585	914	5023	294367	126
BFS	chrX	683001	684000	0.006838818951089842	934	2035	297566	248
BFS	chrX	684001	685000	0.016537146409698476	913	4788	289530	326
BFS	chrX	685001	686000	0.011767263098613815	956	3573	303639	298
BFS	chrX	686001	687000	0.010038127010604074	936	3033	302148	88
BFS	chrX	687001	688000	0.007708909351454442	900	2211	286811	314
BFS	chrX	688001	689000	0.01051242833537589	952	3251	309253	6
BFS	chrX	689001	690000	0.0130869235789679	828	3489	266602	140
BFS	chrX	690001	691000	0.010104644649620334	833	2724	269579	52
BFS	chrX	691001	692000	0.008048869068457922	960	2460	305633	334
BFS	chrX	692001	693000	0.012700146479442368	979	4023	316768	78
BFS	chrX	693001	694000	0.012022126701025784	886	3373	280566	344
BFS	chrX	694001	695000	0.011809836387480451	892	3368	285186	220
BFS	chrX	695001	696000	0.01319900416810658	885	3743	283582	198
BFS	chrX	696001	697000	0.006268606450342025	990	1973	314743	286
BFS	chrX	697001	698000	0.010655259444203213	917	3141	294784	146
BFS	chrX	698001	699000	0.013699869171256441	966	4241	309565	218
BFS	chrX	699001	700000	0.015180001392660679	867	3924	258498	1082
BFS	chrX	700001	701000	0.011840967729999024	925	3520	297273	160
BFS	chrX	701001	702000	0.007720836398662126	895	2036	263702	1354
BFS	chrX	702001	703000	0.007091344265385965	866	1354	190937	6186
BFS	chrX	703001	704000	0.01196074458745206	939	3365	281337	1444
BFS	chrX	704001	705000	0.007576626240352812	948	1718	226750	6492
BFS	chrX	705001	706000	0.01346571806480559	925	2311	171621	10040
BFS	chrX	706001	707000	0.011202378628384364	842	2984	266372	428
BFS	chrX	707001	708000	0.015694773265343288	862	4309	274550	272
BFS	chrX	708001	709000	0.020175546785068246	918	5889	291888	324
BFS	chrX	709001	710000	0.009823365675477112	906	2848	289921	202
BFS	chrX	710001	711000	0.007842820465090142	911	2233	284719	736
BFS	chrX	711001	712000	0.012102967087844268	877	2569	212262	4942
BFS	chrX	712001	713000	0.012307115636908852	853	3349	272119	220
BFS	chrX	713001	714000	0.017470095498842934	950	5360	306810	88
BFS	chrX	714001	715000	0.0175301372932053	962	4460	254419	3342
BFS	chrX	715001	716000	0.012346605219441616	874	3456	279915	182
BFS	chrX	716001	717000	0.009448566165038967	925	2826	299093	64
BFS	chrX	717001	718000	0.012784411528541985	858	3455	270251	438
BFS	chrX	718001	719000	0.012242883651150855	795	3101	253290	234
BFS	chrX	719001	720000	0.012325198747208417	917	3648	295979	92
BFS	chrX	720001	721000	0.012011682152410736	964	3718	309532	168
BFS	chrX	721001	722000	0.010686427457098285	919	3151	294860	166
BFS	chrX	722001	723000	0.014066695070570175	919	4160	295734	130
BFS	chrX	723001	724000	0.011319279179672488	917	3358	296662	62
BFS	chrX	724001	725000	0.005541553521195466	961	1704	307495	236
BFS	chrX	725001	726000	0.008174016046380735	841	2222	271837	72
BFS	chrX	726001	727000	0.003286677264093999	978	1040	316429	58
BFS	chrX	727001	728000	0.003533662173977597	964	1071	303085	422
BFS	chrX	728001	729000	0.00526115159362487	980	1670	317421	46
BFS	chrX	729001	730000	0.018093594294460547	950	5556	307070	72
BFS	chrX	730001	731000	0.011663316986896053	964	3627	310975	106
BFS	chrX	731001	732000	0.008969995900545943	947	2757	307358	18
BFS	chrX	732001	733000	0.010385566099507195	988	3315	319193	102
BFS	chrX	733001	734000	0.016021861272129373	869	4497	280679	84
BFS	chrX	734001	735000	0.007142506584651627	959	2183	305635	264
BFS	chrX	735001	736000	0.0036302909125305377	986	1113	306587	566
BFS	chrX	736001	737000	0.008766055678755186	940	2605	297169	342
BFS	chrX	737001	738000	0.011264552947375746	935	3399	301743	96
BFS	chrX	738001	739000	0.009550925413577204	927	2848	298191	152
BFS	chrX	739001	740000	0.012240384842284107	920	3631	296641	102
BFS	chrX	740001	741000	0.0073520818503447615	911	2076	282369	612
BFS	chrX	741001	742000	0.0046662438355100505	989	1442	309028	506
BFS	chrX	742001	743000	0.010274237416916856	933	3056	297443	236
BFS	chrX	743001	744000	0.023683494881606808	879	4877	205924	3910
BFS	chrX	744001	745000	0.011907772235121033	940	3626	304507	42
BFS	chrX	745001	746000	0.008001998034827587	944	2435	304299	122
BFS	chrX	746001	747000	0.024055213924534805	757	5723	237911	348
BFS	chrX	747001	748000	0.015036724998904029	838	3773	250919	974
BFS	chrX	748001	749000	0.012040234507353169	908	3518	292187	154
BFS	chrX	749001	750000	0.010098141630915797	916	2987	295797	78
BFS	chrX	750001	751000	0.016182760179422093	897	4654	287590	198
BFS	chrX	751001	752000	0.021026942202657536	856	4127	196272	6080
BFS	chrX	752001	753000	0.002856178840736643	1000	364	127443	15266
BFS	chrX	753001	754000	0.002662963568044437	996	652	244840	4744
BFS	chrX	754001	755000	0.004703918825224297	952	1133	240863	5074
BFS	chrX	755001	756000	0.008663285593124312	898	2523	291229	26
BFS	chrX	756001	757000	0.015229370872986968	806	3847	252604	484
BFS	chrX	757001	758000	0.008142825217262664	978	2587	317703	6
BFS	chrX	758001	759000	0.011818683724560701	829	3104	262635	380
BFS	chrX	759001	760000	0.013097209835647853	967	4112	313960	14
BFS	chrX	760001	761000	0.004532972400734654	867	1276	281493	12
BFS	chrX	761001	762000	0.010536789468313093	967	3304	313568	30
BFS	chrX	762001	763000	0.0074207129196770085	932	2235	301184	80
BFS	chrX	763001	764000	0.007750406802298786	984	2472	318951	42
BFS	chrX	764001	765000	0.012442415345395292	823	3314	266347	48
BFS	chrX	765001	766000	0.008048399714411623	904	2356	292729	46
BFS	chrX	766001	767000	0.011715730809388857	912	3456	294988	64
BFS	chrX	767001	768000	0.015692405784518543	927	4627	294856	270
BFS	chrX	768001	769000	0.024398291438182985	866	6803	278831	126
BFS	chrX	769001	770000	0.013424114628321732	917	3963	295215	124
BFS	chrX	770001	771000	0.013672271982005177	911	4036	295196	38
BFS	chrX	771001	772000	0.010637021374575574	964	3280	308357	238
BFS	chrX	772001	773000	0.01388905352916306	784	3515	253077	78
BFS	chrX	773001	774000	0.01045043880206229	966	3233	309365	218
BFS	chrX	774001	775000	0.0073345475706436715	977	1941	264638	4174
BFS	chrX	775001	776000	0.015591930773970584	920	4656	298616	16
BFS	chrX	776001	777000	0.016454751975044927	935	4853	294930	426
BFS	chrX	777001	778000	0.009487602865588965	933	2850	300392	130
BFS	chrX	778001	779000	0.016254797699654436	970	5099	313692	68
BFS	chrX	779001	780000	0.011269539255117443	934	3382	300101	162
BFS	chrX	780001	781000	0.006655936800661746	981	2076	311902	286
BFS	chrX	781001	782000	0.00455371008923166	984	1384	303928	648
BFS	chrX	782001	783000	0.011741281776863524	910	3379	287788	348
BFS	chrX	783001	784000	0.012676013778932738	919	3356	264752	1478
BFS	chrX	784001	785000	0.006262789733438549	960	1873	299068	528
BFS	chrX	785001	786000	0.002671877879178749	987	551	206222	8866
BFS	chrX	786001	787000	0.0032350602578693813	974	830	256564	4308
BFS	chrX	787001	788000	0.006209567858575575	979	1842	296639	880
BFS	chrX	788001	789000	0.020440828682243874	860	5402	264275	690
BFS	chrX	789001	790000	0.017044310734336904	729	3810	223535	564
BFS	chrX	790001	791000	0.00848753313439342	967	2648	311987	112
BFS	chrX	791001	792000	0.007384390301768168	943	2241	303478	138
BFS	chrX	792001	793000	0.008174767033089671	993	2637	322578	6
BFS	chrX	793001	794000	0.014261397888863934	876	2413	169198	6860
BFS	chrX	794001	795000	0.009982177015531458	957	3058	306346	270
BFS	chrX	795001	796000	0.008858244789708198	930	2662	300511	86
BFS	chrX	796001	797000	0.006456814931935721	950	1025	158747	11686
BFS	chrX	797001	798000	0.004788005742576508	950	1264	263993	2546
BFS	chrX	798001	799000	0.0067955134996894526	942	2046	301081	226
BFS	chrX	799001	800000	0.015145985401459854	931	4565	301400	62
BFS	chrX	800001	801000	0.010490382911632717	974	2901	276539	2742
BFS	chrX	801001	802000	0.011349446402308738	944	409	36037	18590
BFS	chrX	802001	803000	0.01989465799236772	888	3373	169543	8754
BFS	chrX	803001	804000	0.007120626397906576	949	2098	294637	624
BFS	chrX	804001	805000	0.010279466814553665	941	3114	302934	118
BFS	chrX	805001	806000	0.010868289476772845	922	3241	298207	62
BFS	chrX	806001	807000	0.015962649440937844	924	4537	284226	820
BFS	chrX	807001	808000	0.00658264640798598	945	2002	304133	144
BFS	chrX	808001	809000	0.005178952736080569	984	1625	313770	252
BFS	chrX	809001	810000	0.005238979710473705	968	1478	282116	1352
BFS	chrX	810001	811000	0.01402127533792595	887	4032	287563	32
BFS	chrX	811001	812000	0.017148506890171607	799	4180	243753	756
BFS	chrX	812001	813000	0.010138792480245719	883	2819	278041	476
BFS	chrX	813001	814000	0.013849886856239266	908	4064	293432	72
BFS	chrX	814001	815000	0.015574822264608983	905	4491	288350	270
BFS	chrX	815001	816000	0.011187406576980568	935	3353	299712	190
BFS	chrX	816001	817000	0.010821558479070596	929	3222	297739	204
BFS	chrX	817001	818000	0.01548592517548303	773	3852	248742	118
BFS	chrX	818001	819000	0.010777015600731603	958	3282	304537	330
BFS	chrX	819001	820000	0.010354453258359273	802	2578	248975	574
BFS	chrX	820001	821000	0.010304645874932006	918	3050	295983	110
BFS	chrX	821001	822000	0.009265199203453483	927	2773	299292	86
BFS	chrX	822001	823000	0.008590792150196116	957	2648	308237	120
BFS	chrX	823001	824000	0.01359908917728301	846	3655	268768	268
BFS	chrX	824001	825000	0.010592326946214346	841	2738	258489	688
BFS	chrX	825001	826000	0.013625378080724757	861	3766	276396	154
BFS	chrX	826001	827000	0.01311846530313142	944	4010	305676	56
BFS	chrX	827001	828000	0.013145116423000827	938	3993	303763	46
BFS	chrX	828001	829000	0.006174648637847199	938	1854	300260	196
BFS	chrX	829001	830000	0.0047322433969525495	868	1328	280628	64
BFS	chrX	830001	831000	0.0159905698723681	762	3934	246020	68
BFS	chrX	831001	832000	0.0064717849737216185	947	1985	306716	46
BFS	chrX	832001	833000	0.00987659137309978	968	3038	307596	328
BFS	chrX	833001	834000	0.01126603176206545	979	3569	316793	60
BFS	chrX	834001	835000	0.02158630637691245	915	6390	296021	60
BFS	chrX	835001	836000	0.009747074229409718	849	2661	273005	128
BFS	chrX	836001	837000	0.010944624526369514	914	3238	295853	50
BFS	chrX	837001	838000	0.008403132725968095	911	2471	294057	84
BFS	chrX	838001	839000	0.006744837927891212	990	2168	321431	14
BFS	chrX	839001	840000	0.0014953846153846154	1000	486	325000	0
BFS	chrX	840001	841000	0.008311911423825374	975	2632	316654	10
BFS	chrX	841001	842000	0.008744471659274531	987	2774	317229	172
BFS	chrX	842001	843000	0.016626396657366743	928	4982	299644	80
BFS	chrX	843001	844000	0.005995931106814764	985	1898	316548	146
BFS	chrX	844001	845000	0.015193355129707781	856	4187	275581	110
BFS	chrX	845001	846000	0.01636403174948353	688	3612	220728	120
BFS	chrX	846001	847000	0.011153998561721237	867	3040	272548	430
BFS	chrX	847001	848000	0.007594210709979235	894	2198	289431	46
BFS	chrX	848001	849000	0.010441780591285608	921	3101	296980	98
BFS	chrX	849001	850000	0.010022393958022307	848	2739	273288	104
BFS	chrX	850001	851000	0.008380065743053675	957	2506	299043	540
BFS	chrX	851001	852000	0.010938548795516615	868	3080	281573	22
BFS	chrX	852001	853000	0.026897580563749957	852	7194	267459	450
BFS	chrX	853001	854000	0.009856443383951016	957	2780	282049	2232
BFS	chrX	854001	855000	0.015180952314032456	877	4321	284633	16
BFS	chrX	855001	856000	0.012133007155275953	931	3566	293909	380
BFS	chrX	856001	857000	0.0075470116729145715	831	1981	262488	318
BFS	chrX	857001	858000	0.011955805287441836	956	3664	306462	268
BFS	chrX	858001	859000	0.014043632559630603	695	2497	177803	2656
BFS	chrX	859001	860000	0.01378574517287409	914	2933	212756	4484
BFS	chrX	860001	861000	0.006874558468736254	926	2063	300092	36
BFS	chrX	861001	862000	0.01523286358311739	911	3433	225368	4334
BFS	chrX	862001	863000	0.010488169846596519	922	3091	294713	250
BFS	chrX	863001	864000	0.005402531309045679	982	1707	315963	158
BFS	chrX	864001	865000	0.007294417230630281	983	2326	318874	26
BFS	chrX	865001	866000	0.0035939586062021097	978	1136	316086	72
BFS	chrX	866001	867000	0.012455207962448185	957	3813	306137	248
BFS	chrX	867001	868000	0.007574671084910289	841	2007	264962	438
BFS	chrX	868001	869000	0.027582313371979323	857	7475	271007	404
BFS	chrX	869001	870000	0.011750406597501558	910	3374	287139	414
BFS	chrX	870001	871000	0.0052106676435856565	938	1337	256589	3418
BFS	chrX	871001	872000	0.015043822343848231	938	4068	270410	2376
BFS	chrX	872001	873000	0.012028509063806	930	3615	300536	76
BFS	chrX	873001	874000	0.010053081799434812	980	3159	314232	176
BFS	chrX	874001	875000	0.017098454623063922	886	4907	286985	42
BFS	chrX	875001	876000	0.005311945945191328	922	1522	286524	860
BFS	chrX	876001	877000	0.005931045153304624	968	1840	310232	200
BFS	chrX	877001	878000	0.00675802515487141	971	2124	314293	68
BFS	chrX	878001	879000	0.0073549655850540805	954	2244	305100	204
BFS	chrX	879001	880000	0.006317544395107431	963	1925	304707	368
BFS	chrX	880001	881000	0.0053521589230011496	947	1630	304550	138
BFS	chrX	881001	882000	0.011824140926116932	921	3485	294736	226
BFS	chrX	882001	883000	0.00788664572453764	933	2365	299874	158
BFS	chrX	883001	884000	0.008830473499284267	849	2375	268955	332
BFS	chrX	884001	885000	0.010640240645857094	901	3088	290219	124
BFS	chrX	885001	886000	0.009687751028246172	909	2810	290057	304
BFS	chrX	886001	887000	0.008541325366997527	963	2659	311310	82
BFS	chrX	887001	888000	0.008056067080256735	886	2253	279665	354
BFS	chrX	888001	889000	0.004789954892948779	964	1458	304387	370
BFS	chrX	889001	890000	0.010482569122445475	937	3052	291150	598
BFS	chrX	890001	891000	0.010427607416713005	914	3038	291342	264
BFS	chrX	891001	892000	0.008764813708872863	901	2539	289681	152
BFS	chrX	892001	893000	0.012345411465557097	863	3418	276864	166
BFS	chrX	893001	894000	0.011184381952656792	940	3348	299346	316
BFS	chrX	894001	895000	0.020633811636138335	952	6261	303434	292
BFS	chrX	895001	896000	0.015256230198909104	951	4671	306170	130
BFS	chrX	896001	897000	0.010058605509988359	926	3007	298948	92
BFS	chrX	897001	898000	0.012613108598370953	884	3574	283356	208
BFS	chrX	898001	899000	0.0060198971183853525	911	1684	279739	704
BFS	chrX	899001	900000	0.008044195917267398	919	2388	296860	78
BFS	chrX	900001	901000	0.006254891687527086	954	1934	309198	40
BFS	chrX	901001	902000	0.012264637474256556	925	3591	292793	320
BFS	chrX	902001	903000	0.019810263743716	840	5375	271324	72
BFS	chrX	903001	904000	0.002331866912646911	960	723	310052	80
BFS	chrX	904001	905000	0.006430817953819294	991	2059	320177	132
BFS	chrX	905001	906000	0.0238616330338362	881	6727	281917	184
BFS	chrX	906001	907000	0.017992110680813696	867	4999	277844	198
BFS	chrX	907001	908000	0.005547121145338492	965	1699	306285	312
BFS	chrX	908001	909000	0.010349614596684573	896	2915	281653	446
BFS	chrX	909001	910000	0.006583793738489871	910	1287	195480	7428
BFS	chrX	910001	911000	0.00966396105086411	863	2636	272766	346
BFS	chrX	911001	912000	0.010163188216254525	859	2782	273733	244
BFS	chrX	912001	913000	0.01164705921818444	920	3472	298101	46
BFS	chrX	913001	914000	0.0038570581922442375	962	1204	312155	22
BFS	chrX	914001	915000	0.006634037415451725	958	2044	308108	140
BFS	chrX	915001	916000	0.009086564996906937	892	2453	269959	954
BFS	chrX	916001	917000	0.0032865128822338633	978	953	289973	1138
BFS	chrX	917001	918000	0.006279898148974283	914	1830	291406	232
BFS	chrX	918001	919000	0.008220753283257906	932	2445	297418	252
BFS	chrX	919001	920000	0.02036339454786533	775	5022	246619	224
BFS	chrX	920001	921000	0.012368501104808005	927	3700	299147	96
BFS	chrX	921001	922000	0.004560724077871259	969	1359	297979	692
BFS	chrX	922001	923000	0.010178594538630775	955	3146	309080	54
BFS	chrX	923001	924000	0.009438372040903881	966	2948	312342	72
BFS	chrX	924001	925000	0.006293754133126582	949	1932	306971	68
BFS	chrX	925001	926000	0.00685328975709093	881	1925	280887	244
BFS	chrX	926001	927000	0.007133560846716956	952	2176	305037	206
BFS	chrX	927001	928000	0.00822312444351243	904	2392	290887	130
BFS	chrX	928001	929000	0.007660229521815975	913	1881	245554	3886
BFS	chrX	929001	930000	0.015836170927053857	973	4953	312765	160
BFS	chrX	930001	931000	0.014862249487937908	936	4477	301233	134
BFS	chrX	931001	932000	0.011176751234845083	885	3186	285056	114
BFS	chrX	932001	933000	0.00920997338562824	914	2630	285560	508
BFS	chrX	933001	934000	0.0032107581080393056	991	1009	314256	326
BFS	chrX	934001	935000	0.0034488831959010487	991	1077	312275	400
BFS	chrX	935001	936000	0.0023472047078604455	915	698	297375	0
BFS	chrX	936001	937000	0.004339010415517008	983	1376	317123	96
BFS	chrX	937001	938000	0.012033319847716262	897	3480	289197	96
BFS	chrX	938001	939000	0.015116788688273711	861	4208	278366	62
BFS	chrX	939001	940000	0.013452845971436684	821	3506	260614	326
BFS	chrX	940001	941000	0.007343631299063054	823	1943	264583	144
BFS	chrX	941001	942000	0.012271629522191943	910	3562	290263	278
BFS	chrX	942001	943000	0.018647352203056005	910	5283	283311	670
BFS	chrX	943001	944000	0.008709849522083165	972	2710	311142	252
BFS	chrX	944001	945000	0.0036774313981706177	982	985	267850	3952
BFS	chrX	945001	946000	0.002689585310183879	996	839	311944	480
BFS	chrX	946001	947000	0.0026374688028339105	985	819	310525	392
BFS	chrX	947001	948000	0.0030832124790170262	929	810	262713	3024
BFS	chrX	948001	949000	0.011241003961492283	860	3127	278178	68
BFS	chrX	949001	950000	0.01522693342963407	843	4090	268603	256
BFS	chrX	950001	951000	0.008073309734703415	926	1503	186169	9066
BFS	chrX	951001	952000	0.008699705455699813	938	2165	248859	3966
BFS	chrX	952001	953000	0.016301491551595035	927	3505	215011	4544
BFS	chrX	953001	954000	0.019903597075122143	852	1214	60994	16036
BFS	chrX	954001	955000	0.010265021367687093	850	2647	257866	1184
BFS	chrX	955001	956000	0.005985875673167288	852	1535	256437	974
BFS	chrX	956001	957000	0.007283544525593953	906	1829	251114	2544
BFS	chrX	957001	958000	0.010310212365006885	892	2845	275940	656
BFS	chrX	958001	959000	0.0031855219550506264	936	941	295399	362
BFS	chrX	959001	960000	0.007498020405303685	962	2301	306881	242
BFS	chrX	960001	961000	0.007965496060183748	940	2412	302806	116
BFS	chrX	961001	962000	0.005887263620195274	851	1622	275510	50
BFS	chrX	962001	963000	0.005732123371869778	904	1660	289596	192
BFS	chrX	963001	964000	0.015198641243569672	890	4349	286144	140
BFS	chrX	964001	965000	0.019815554847633143	808	4914	247987	642
BFS	chrX	965001	966000	0.016417838081775903	856	4402	268123	434
BFS	chrX	966001	967000	0.013404232994573852	839	3577	266856	270
BFS	chrX	967001	968000	0.004279381076480714	941	445	103987	15028
BFS	chrX	968001	969000	0.013618619176859872	855	3663	268970	418
BFS	chrX	969001	970000	0.008199675295712833	893	2298	280255	500
BFS	chrX	970001	971000	0.008870356843329817	920	2623	295704	168
BFS	chrX	971001	972000	0.008555791971142737	919	2481	289979	368
BFS	chrX	972001	973000	0.01370816271959639	959	4255	310399	56
BFS	chrX	973001	974000	0.008033053988614161	955	2475	308102	98
BFS	chrX	974001	975000	0.009444979554106643	873	2677	283431	12
BFS	chrX	975001	976000	0.010557745464118213	890	1524	144349	9282
BFS	chrX	976001	977000	0.007431467370420585	873	2050	275854	342
BFS	chrX	977001	978000	0.0022200321593443643	974	642	289185	1130
BFS	chrX	978001	979000	0.007303359806112411	967	2242	306982	306
BFS	chrX	979001	980000	0.008244858135559767	836	2214	268531	138
BFS	chrX	980001	981000	0.004927473537642113	979	1458	295892	910
BFS	chrX	981001	982000	0.0174866794208242	932	5274	301601	54
BFS	chrX	982001	983000	0.006065849852448125	998	1963	323615	30
BFS	chrX	983001	984000	0.0075537956752625545	940	2293	303556	88
BFS	chrX	984001	985000	0.011911777655848863	918	3517	295254	144
BFS	chrX	985001	986000	0.01530583237900311	834	3769	246246	1296
BFS	chrX	986001	987000	0.005133169071923032	920	700	136368	10584
BFS	chrX	987001	988000	0.007946677616209099	880	2245	282508	144
BFS	chrX	988001	989000	0.008137875516850232	872	2224	273290	452
BFS	chrX	989001	990000	0.008034515297789714	847	1771	220424	3902
BFS	chrX	990001	991000	0.011225896128067096	978	1906	169786	11608
BFS	chrX	991001	992000	0.01799698374574094	837	4833	268545	160
BFS	chrX	992001	993000	0.011724067865488165	919	3462	295290	154
BFS	chrX	993001	994000	0.0073745153515665934	944	2252	305376	64
BFS	chrX	994001	995000	0.0028119540745307962	1000	903	321129	158
BFS	chrX	995001	996000	0.006181093422812019	981	1960	317096	74
BFS	chrX	996001	997000	0.008011420413990007	553	1403	175125	232
BFS	chrX	997001	998000	0.005617619099266934	965	1761	313478	6
BFS	chrX	998001	999000	0.0015122815122815122	999	491	324675	0
BFS	chrX	999001	1000000	0.0025962266062569063	985	820	315843	220
